10 30 0,1
n 44 1000 1
n 198 1000 1
n 258 1000 1
n 0 1000 1
n 0 1000 1
n 0 1000 1
n 0 1000 1
n -99 1000 1
n -15 1000 1
n -236 1000 1
a 1 6 100 28
a 1 4 870 42
a 1 9 205 29
a 1 7 557 47
a 4 10 100 46
a 4 5 541 34
a 4 7 306 98
a 4 8 730 94
a 4 6 752 62
a 4 9 427 81
a 5 9 100 68
a 5 4 100 53
a 5 8 100 33
a 5 10 759 44
a 6 5 100 57
a 6 4 599 88
a 6 7 480 62
a 6 8 745 97
a 6 9 367 37
a 2 7 198 15
a 2 4 145 89
a 2 5 490 47
a 2 6 237 28
a 2 9 451 52
a 7 10 198 32
a 7 8 198 91
a 7 4 819 90
a 7 5 146 56
a 3 10 258 93
a 3 8 258 65
--
n 8 1000 1
n 266 1000 1
n 326 1000 1
n 0 1000 1
n 0 1000 1
n 0 1000 1
n 0 1000 1
n -186 1000 1
n -1 1000 1
n -493 1000 1
a 1 6 100 28
a 1 4 870 42
a 1 9 205 29
a 1 7 557 47
a 4 10 100 46
a 4 5 541 34
a 4 7 306 98
a 4 8 730 94
a 4 6 752 62
a 4 9 427 81
a 5 9 100 68
a 5 4 100 53
a 5 8 100 33
a 5 10 759 44
a 6 5 100 57
a 6 4 599 88
a 6 7 480 62
a 6 8 745 97
a 6 9 367 37
a 2 7 266 15
a 2 4 145 89
a 2 5 490 47
a 2 6 237 28
a 2 9 451 52
a 7 10 266 32
a 7 8 266 91
a 7 4 819 90
a 7 5 146 56
a 3 10 326 93
a 3 8 326 65
--
n 8 1000 1
n 166 1000 1
n 126 1000 1
n 0 1000 1
n 0 1000 1
n 0 1000 1
n 0 1000 1
n -120 1000 1
n -1 1000 1
n -179 1000 1
a 1 6 100 28
a 1 4 345 42
a 1 9 292 29
a 1 7 436 47
a 4 10 100 46
a 4 5 488 34
a 4 7 507 98
a 4 8 375 94
a 4 6 401 62
a 4 9 123 81
a 5 9 100 68
a 5 4 100 53
a 5 8 100 33
a 5 10 364 44
a 6 5 100 57
a 6 4 481 88
a 6 7 516 62
a 6 8 476 97
a 6 9 505 37
a 2 7 166 15
a 2 4 416 89
a 2 5 340 47
a 2 6 293 28
a 2 9 215 52
a 7 10 166 32
a 7 8 166 91
a 7 4 531 90
a 7 5 121 56
a 3 10 126 93
a 3 8 126 65
--
n 106 1000 1
n 94 1000 1
n 150 1000 1
n 0 1000 1
n 0 1000 1
n 0 1000 1
n 0 1000 1
n -190 1000 1
n -90 1000 1
n -140 1000 1
a 1 6 106 28
a 1 4 111 42
a 1 9 334 29
a 1 7 416 47
a 4 10 106 46
a 4 5 301 34
a 4 7 447 98
a 4 8 291 94
a 4 6 262 62
a 4 9 401 81
a 5 9 106 68
a 5 4 106 53
a 5 8 106 33
a 5 10 188 44
a 6 5 106 57
a 6 4 334 88
a 6 7 206 62
a 6 8 392 97
a 6 9 166 37
a 2 7 100 15
a 2 4 236 89
a 2 5 278 47
a 2 6 164 28
a 2 9 351 52
a 7 10 100 32
a 7 8 100 91
a 7 4 473 90
a 7 5 158 56
a 3 10 150 93
a 3 8 150 65