8 10 0,1
n 100 1000 10
n 0 1000 10
n 0 1000 10
n -100 1000 10
n 110 1000 10
n 0 1000 10
n 0 1000 10
n -100 1000 10
a 1 2 200 50
a 1 5 30 30
a 2 3 100 10
a 3 4 150 40
a 3 7 100 10
a 5 3 150 40
a 5 6 200 30
a 6 7 110 20
a 7 8 150 10
a 8 4 100 30
--
n 100 1000 10
n 0 1000 10
n 0 1000 10
n -110 1000 10
n 120 1000 10
n 0 1000 10
n 0 1000 10
n -50 1000 10
a 1 2 150 60
a 1 5 30 40
a 2 3 100 20
a 3 4 130 40
a 3 7 10 20
a 5 3 70 50
a 5 6 90 60
a 6 7 80 30
a 7 8 210 20
a 8 4 10 30
--
n 200 1000 10
n 0 1000 10
n 0 1000 10
n -70 1000 10
n 100 1000 10
n 0 1000 10
n 0 1000 10
n -300 1000 10
a 1 2 400 40
a 1 5 300 30
a 2 3 160 60
a 3 4 150 70
a 3 7 55 50
a 5 3 100 60
a 5 6 500 60
a 6 7 400 40
a 7 8 450 30
a 8 4 10 30